0 0.738925 0.163065 0.212138 0.208966
0 0.559754 0.167530 0.209271 0.182175
0 0.376284 0.162172 0.237938 0.185747
0 0.242981 0.155028 0.223605 0.164315
0 0.748958 0.346133 0.151937 0.114306
0 0.615655 0.350598 0.149070 0.133952
0 0.472319 0.343454 0.177737 0.123236
0 0.371984 0.347026 0.183471 0.155385
0 0.235814 0.333631 0.174870 0.125022
0 0.740358 0.487230 0.134736 0.135739
0 0.607055 0.480086 0.183471 0.150027
0 0.432185 0.484551 0.189204 0.141097
0 0.248714 0.473835 0.223605 0.151813
0 0.720291 0.606894 0.134736 0.142883
0 0.615655 0.613145 0.103202 0.137525
0 0.495253 0.622075 0.189204 0.137525
0 0.382017 0.635471 0.134736 0.117878
0 0.258748 0.630113 0.163403 0.135739
0 0.254448 0.761386 0.149070 0.130380
0 0.376284 0.772995 0.169137 0.121450
0 0.489519 0.764065 0.143336 0.135739
0 0.715991 0.758707 0.149070 0.128594
0 0.602755 0.772995 0.106069 0.150027