0 0.134318 0.157171 0.197751 0.117878
0 0.360319 0.143418 0.247973 0.180747
0 0.614570 0.151277 0.285640 0.165029
0 0.865682 0.163065 0.229140 0.153242
0 0.108749 0.300589 0.217498 0.184676
0 0.324221 0.305501 0.257390 0.186640
0 0.570625 0.311395 0.285640 0.186640
0 0.743265 0.315324 0.160084 0.174853
0 0.895502 0.313360 0.188334 0.190570
0 0.892363 0.509823 0.194612 0.135560
0 0.708737 0.473477 0.204029 0.188605
0 0.514125 0.470530 0.216584 0.174853
0 0.303819 0.464637 0.260529 0.178782
0 0.110776 0.452849 0.200890 0.174853
0 0.561209 0.642436 0.304473 0.172888
0 0.069970 0.626719 0.119278 0.172888
0 0.840571 0.669941 0.216584 0.110020
0 0.556500 0.787819 0.238557 0.188605
0 0.779362 0.782908 0.226001 0.170923
0 0.901779 0.793713 0.169501 0.168959
0 0.273999 0.777014 0.320168 0.135560
0 0.383861 0.624754 0.194612 0.125737