0 0.798043 0.325147 0.144764 0.111984
0 0.668181 0.325147 0.131990 0.139489
0 0.527675 0.328094 0.174568 0.133595
0 0.370132 0.327112 0.200127 0.151277
0 0.221998 0.322771 0.222502 0.137525
0 0.808469 0.460295 0.129106 0.095697
0 0.682796 0.466316 0.146961 0.095063
0 0.553004 0.464415 0.162069 0.111541
0 0.417030 0.462197 0.159322 0.109639
0 0.321574 0.465999 0.146961 0.112174
0 0.186974 0.463781 0.163443 0.105203
0 0.203456 0.592116 0.130479 0.099499
0 0.772072 0.575322 0.168937 0.095063
0 0.665628 0.585462 0.164816 0.084923
0 0.531028 0.588630 0.134600 0.088726
0 0.410850 0.593384 0.168937 0.094429
0 0.317454 0.597186 0.133226 0.086824
0 0.208950 0.702072 0.185418 0.128018
0 0.355911 0.699537 0.182671 0.120413
0 0.497378 0.691932 0.190912 0.120413
0 0.641592 0.690982 0.212888 0.119779
0 0.781686 0.687813 0.174430 0.128652
0 0.226805 0.809810 0.133226 0.103936
0 0.355911 0.807275 0.144214 0.106471
0 0.484330 0.801255 0.142841 0.103302
0 0.616183 0.798720 0.153828 0.108372
0 0.763144 0.798720 0.175804 0.108372