1 0.094303 0.170923 0.104126 0.290766
1 0.217092 0.171906 0.110020 0.312377
1 0.334971 0.166012 0.106090 0.320236
1 0.467583 0.175835 0.139489 0.304519
1 0.883104 0.195481 0.204322 0.273084
1 0.233792 0.720039 0.123772 0.166994
1 0.100196 0.722986 0.139489 0.165029
1 0.223969 0.888016 0.111984 0.149312
1 0.104126 0.881139 0.123772 0.155206
1 0.776031 0.742633 0.406680 0.125737
1 0.772102 0.898821 0.445972 0.123772
1 0.442043 0.720039 0.229862 0.166994
1 0.431238 0.887033 0.220039 0.166994
1 0.907662 0.498035 0.139489 0.261297
0 0.121807 0.480354 0.218075 0.273084
0 0.322200 0.481336 0.194499 0.267191
0 0.537328 0.498035 0.204322 0.269155
0 0.722986 0.504912 0.210216 0.271120