0 0.143091 0.189587 0.212836 0.371316
0 0.301899 0.193517 0.212836 0.387033
0 0.469712 0.188605 0.165357 0.373281
0 0.635887 0.184676 0.180092 0.369352
0 0.825802 0.177800 0.216110 0.355599
0 0.069417 0.586444 0.127701 0.296660
0 0.186477 0.581532 0.194826 0.290766
0 0.333824 0.576621 0.185003 0.312377
0 0.471349 0.574656 0.175180 0.328094
0 0.620334 0.571709 0.185003 0.333988
0 0.777505 0.570727 0.188278 0.332024
0 0.922397 0.566798 0.150622 0.351670
0 0.097250 0.872299 0.163720 0.243615
0 0.230681 0.877210 0.126064 0.237721
0 0.355108 0.878193 0.142436 0.231827
0 0.872462 0.869352 0.168631 0.233792
0 0.703831 0.872299 0.158808 0.235756
0 0.590046 0.866405 0.140799 0.251473
0 0.459070 0.875246 0.150622 0.249508