0 0.140472 0.156189 0.231827 0.284872
0 0.322200 0.151277 0.194499 0.302554
0 0.497053 0.166994 0.198428 0.310413
0 0.665029 0.159136 0.220039 0.310413
0 0.841847 0.152259 0.212181 0.300589
0 0.080550 0.487230 0.151277 0.282908
0 0.225933 0.480354 0.218075 0.280943
0 0.397839 0.478389 0.216110 0.288802
0 0.573674 0.482318 0.198428 0.292731
0 0.750491 0.487230 0.237721 0.298625
0 0.908644 0.498035 0.172888 0.292731
0 0.094303 0.802554 0.178782 0.280943
0 0.921415 0.814342 0.143418 0.284872
0 0.778978 0.817289 0.188605 0.290766
0 0.611002 0.808448 0.190570 0.308448
0 0.421415 0.799607 0.208251 0.306483
0 0.244597 0.812377 0.227898 0.332024