0 0.083852 0.144401 0.167704 0.284872
0 0.241387 0.152259 0.213825 0.300589
0 0.420538 0.164047 0.182040 0.308448
0 0.561402 0.166012 0.163258 0.316306
0 0.721049 0.169941 0.173372 0.339882
0 0.817126 0.224951 0.105468 0.222004
0 0.901644 0.216110 0.109802 0.235756
0 0.965936 0.241650 0.062125 0.255403
0 0.057902 0.512770 0.109802 0.357564
0 0.174206 0.511788 0.160369 0.355599
0 0.303512 0.529470 0.161814 0.316306
0 0.470382 0.512770 0.169037 0.326130
0 0.562847 0.536346 0.091020 0.263261
0 0.691431 0.511788 0.154590 0.308448
0 0.824349 0.555992 0.154590 0.294695
0 0.884307 0.508841 0.121360 0.231827
0 0.960880 0.489194 0.078017 0.141454
0 0.096189 0.802554 0.183485 0.202358
0 0.253668 0.797642 0.145921 0.216110
0 0.390198 0.799607 0.141587 0.216110
0 0.513725 0.790766 0.143032 0.218075
0 0.637253 0.787819 0.153145 0.239686
0 0.787508 0.791749 0.158924 0.216110
0 0.966659 0.768173 0.066459 0.145383