0 0.039843 0.206287 0.079462 0.247544
0 0.120027 0.190570 0.101133 0.294695
0 0.213937 0.188605 0.109802 0.275049
0 0.339631 0.163065 0.193598 0.326130
0 0.466048 0.163065 0.166148 0.310413
0 0.645199 0.154224 0.249944 0.308448
0 0.869859 0.159136 0.242720 0.318271
0 0.039843 0.494106 0.070793 0.257367
0 0.101968 0.511788 0.102578 0.280943
0 0.183597 0.528487 0.170482 0.341847
0 0.315070 0.561886 0.132918 0.345776
0 0.454490 0.585462 0.174816 0.392927
0 0.654590 0.622790 0.239831 0.451866
0 0.847466 0.692534 0.241276 0.500982